1.000000 0.000000 0.000000 0.000000
0.996078 0.000036 0.003887 0.100000
0.992306 0.000035 0.007659 0.200000
0.988674 0.000034 0.011292 0.300000
0.985172 0.000034 0.014794 0.400000
0.981791 0.000033 0.018175 0.500000
0.978525 0.000033 0.021443 0.600000
0.975364 0.000032 0.024603 0.700000
0.972304 0.000032 0.027664 0.800000
0.969337 0.000031 0.030631 0.900000
0.966459 0.000031 0.033510 1.000000
0.963665 0.000030 0.036305 1.100000
0.960949 0.000030 0.039021 1.200000
0.958307 0.000029 0.041663 1.300000
0.955737 0.000029 0.044234 1.400000
0.953233 0.000029 0.046738 1.500000
0.950793 0.000028 0.049179 1.600000
0.948413 0.000028 0.051559 1.700000
0.946091 0.000028 0.053881 1.800000
0.943824 0.000027 0.056149 1.900000
0.941609 0.000027 0.058364 2.000000
0.939444 0.000027 0.060529 2.100000
0.937327 0.000026 0.062647 2.200000
0.935255 0.000026 0.064719 2.300000
0.933227 0.000026 0.066747 2.400000
0.931241 0.000026 0.068733 2.500000
0.929296 0.000025 0.070679 2.600000
0.927388 0.000025 0.072587 2.700000
0.925518 0.000025 0.074457 2.800000
0.923684 0.000025 0.076291 2.900000
0.921884 0.000024 0.078092 3.000000
0.920117 0.000024 0.079859 3.100000
0.918381 0.000024 0.081595 3.200000
0.916677 0.000024 0.083300 3.300000
0.915002 0.000024 0.084975 3.400000
0.913355 0.000023 0.086622 3.500000
0.911736 0.000023 0.088241 3.600000
0.910144 0.000023 0.089833 3.700000
0.908577 0.000023 0.091400 3.800000
0.907035 0.000023 0.092942 3.900000
0.905518 0.000022 0.094460 4.000000
0.904024 0.000022 0.095954 4.100000
0.902552 0.000022 0.097426 4.200000
0.901103 0.000022 0.098876 4.300000
0.899674 0.000022 0.100304 4.400000
0.898266 0.000022 0.101712 4.500000
0.896879 0.000021 0.103100 4.600000
0.895511 0.000021 0.104468 4.700000
0.894161 0.000021 0.105818 4.800000
0.892830 0.000021 0.107149 4.900000
0.891517 0.000021 0.108462 5.000000
0.890221 0.000021 0.109758 5.100000
0.888942 0.000021 0.111037 5.200000
0.887680 0.000020 0.112300 5.300000
0.886434 0.000020 0.113546 5.400000
0.885203 0.000020 0.114777 5.500000
0.883987 0.000020 0.115993 5.600000
0.882786 0.000020 0.117194 5.700000
0.881600 0.000020 0.118380 5.800000
0.880428 0.000020 0.119552 5.900000
0.879269 0.000020 0.120711 6.000000
0.878124 0.000019 0.121856 6.100000
0.876992 0.000019 0.122988 6.200000
0.875873 0.000019 0.124108 6.300000
0.874766 0.000019 0.125215 6.400000
0.873672 0.000019 0.126309 6.500000
0.872589 0.000019 0.127392 6.600000
0.871518 0.000019 0.128463 6.700000
0.870458 0.000019 0.129523 6.800000
0.869410 0.000019 0.130571 6.900000
0.868372 0.000019 0.131609 7.000000
0.867345 0.000018 0.132636 7.100000
0.866329 0.000018 0.133653 7.200000
0.865323 0.000018 0.134659 7.300000
0.864327 0.000018 0.135655 7.400000
0.863340 0.000018 0.136642 7.500000
0.862363 0.000018 0.137619 7.600000
0.861396 0.000018 0.138586 7.700000
0.860438 0.000018 0.139545 7.800000
0.859488 0.000018 0.140494 7.900000
0.858548 0.000018 0.141434 8.000000
0.857617 0.000018 0.142366 8.100000
0.856693 0.000018 0.143289 8.200000
0.855779 0.000017 0.144204 8.300000
0.854872 0.000017 0.145111 8.400000
0.853974 0.000017 0.146009 8.500000
0.853083 0.000017 0.146900 8.600000
0.852200 0.000017 0.147783 8.700000
0.851325 0.000017 0.148658 8.800000
0.850457 0.000017 0.149526 8.900000
0.849597 0.000017 0.150386 9.000000
0.848743 0.000017 0.151240 9.100000
0.847897 0.000017 0.152086 9.200000
0.847058 0.000017 0.152925 9.300000
0.846226 0.000017 0.153758 9.400000
0.845400 0.000017 0.154583 9.500000
0.844581 0.000016 0.155402 9.600000
0.843769 0.000016 0.156215 9.700000
0.842963 0.000016 0.157021 9.800000
0.842163 0.000016 0.157821 9.900000
0.841369 0.000016 0.158614 10.000000
0.840582 0.000016 0.159402 10.100000
0.839800 0.000016 0.160184 10.200000
0.839025 0.000016 0.160959 10.300000
0.838255 0.000016 0.161729 10.400000
0.837491 0.000016 0.162493 10.500000
0.836732 0.000016 0.163252 10.600000
0.835979 0.000016 0.164005 10.700000
0.835232 0.000016 0.164753 10.800000
0.834489 0.000016 0.165495 10.900000
0.833752 0.000016 0.166232 11.000000
0.833021 0.000016 0.166964 11.100000
0.832294 0.000016 0.167690 11.200000
0.831573 0.000015 0.168412 11.300000
0.830856 0.000015 0.169128 11.400000
0.830145 0.000015 0.169840 11.500000
0.829438 0.000015 0.170547 11.600000
0.828736 0.000015 0.171249 11.700000
0.828039 0.000015 0.171946 11.800000
0.827346 0.000015 0.172639 11.900000
0.826658 0.000015 0.173327 12.000000
0.825974 0.000015 0.174011 12.100000
0.825295 0.000015 0.174690 12.200000
0.824620 0.000015 0.175365 12.300000
0.823950 0.000015 0.176035 12.400000
0.823284 0.000015 0.176702 12.500000
0.822622 0.000015 0.177364 12.600000
0.821964 0.000015 0.178021 12.700000
0.821310 0.000015 0.178675 12.800000
0.820660 0.000015 0.179325 12.900000
0.820015 0.000015 0.179971 13.000000
0.819373 0.000015 0.180612 13.100000
0.818735 0.000015 0.181250 13.200000
0.818101 0.000015 0.181884 13.300000
0.817471 0.000014 0.182515 13.400000
0.816844 0.000014 0.183141 13.500000
0.816222 0.000014 0.183764 13.600000
0.815602 0.000014 0.184383 13.700000
0.814987 0.000014 0.184999 13.800000
0.814375 0.000014 0.185611 13.900000
0.813766 0.000014 0.186219 14.000000
0.813161 0.000014 0.186824 14.100000
0.812560 0.000014 0.187426 14.200000
0.811962 0.000014 0.188024 14.300000
0.811367 0.000014 0.188619 14.400000
0.810775 0.000014 0.189211 14.500000
0.810187 0.000014 0.189799 14.600000
0.809602 0.000014 0.190384 14.700000
0.809020 0.000014 0.190966 14.800000
0.808442 0.000014 0.191545 14.900000
0.807866 0.000014 0.192120 15.000000
0.807294 0.000014 0.192693 15.100000
0.806724 0.000014 0.193262 15.200000
0.806158 0.000014 0.193828 15.300000
0.805595 0.000014 0.194392 15.400000
0.805034 0.000014 0.194952 15.500000
0.804477 0.000014 0.195510 15.600000
0.803922 0.000014 0.196064 15.700000
0.803370 0.000014 0.196616 15.800000
0.802821 0.000014 0.197165 15.900000
0.802275 0.000013 0.197711 16.000000
0.801732 0.000013 0.198255 16.100000
0.801191 0.000013 0.198796 16.200000
0.800653 0.000013 0.199334 16.300000
0.800118 0.000013 0.199869 16.400000
0.799585 0.000013 0.200402 16.500000
0.799055 0.000013 0.200932 16.600000
0.798528 0.000013 0.201459 16.700000
0.798003 0.000013 0.201984 16.800000
0.797481 0.000013 0.202506 16.900000
0.796961 0.000013 0.203026 17.000000
0.796444 0.000013 0.203543 17.100000
0.795929 0.000013 0.204058 17.200000
0.795416 0.000013 0.204571 17.300000
0.794906 0.000013 0.205081 17.400000
0.794399 0.000013 0.205588 17.500000
0.793893 0.000013 0.206094 17.600000
0.793391 0.000013 0.206597 17.700000
0.792890 0.000013 0.207097 17.800000
0.792392 0.000013 0.207595 17.900000
0.791896 0.000013 0.208091 18.000000
0.791402 0.000013 0.208585 18.100000
0.790910 0.000013 0.209077 18.200000
0.790421 0.000013 0.209566 18.300000
0.789934 0.000013 0.210053 18.400000
0.789449 0.000013 0.210538 18.500000
0.788966 0.000013 0.211021 18.600000
0.788486 0.000013 0.211502 18.700000
0.788007 0.000013 0.211980 18.800000
0.787531 0.000013 0.212457 18.900000
0.787056 0.000013 0.212931 19.000000
0.786584 0.000013 0.213404 19.100000
0.786113 0.000013 0.213874 19.200000
0.785645 0.000012 0.214342 19.300000
0.785179 0.000012 0.214809 19.400000
0.784714 0.000012 0.215273 19.500000
0.784252 0.000012 0.215736 19.600000
0.783792 0.000012 0.216196 19.700000
0.783333 0.000012 0.216655 19.800000
0.782876 0.000012 0.217111 19.900000
0.782422 0.000012 0.217566 20.000000
0.781969 0.000012 0.218019 20.100000
0.781518 0.000012 0.218470 20.200000
0.781069 0.000012 0.218919 20.300000
0.780621 0.000012 0.219366 20.400000
0.780176 0.000012 0.219812 20.500000
0.779732 0.000012 0.220256 20.600000
0.779290 0.000012 0.220698 20.700000
0.778850 0.000012 0.221138 20.800000
0.778412 0.000012 0.221576 20.900000
0.777975 0.000012 0.222013 21.000000
0.777540 0.000012 0.222448 21.100000
0.777107 0.000012 0.222881 21.200000
0.776675 0.000012 0.223313 21.300000
0.776245 0.000012 0.223743 21.400000
0.775817 0.000012 0.224171 21.500000
0.775390 0.000012 0.224598 21.600000
0.774965 0.000012 0.225023 21.700000
0.774542 0.000012 0.225446 21.800000
0.774120 0.000012 0.225868 21.900000
0.773700 0.000012 0.226288 22.000000
0.773281 0.000012 0.226707 22.100000
0.772864 0.000012 0.227124 22.200000
0.772449 0.000012 0.227539 22.300000
0.772035 0.000012 0.227953 22.400000
0.771623 0.000012 0.228365 22.500000
0.771212 0.000012 0.228776 22.600000
0.770803 0.000012 0.229186 22.700000
0.770395 0.000012 0.229593 22.800000
0.769989 0.000012 0.230000 22.900000
0.769584 0.000012 0.230405 23.000000
0.769180 0.000012 0.230808 23.100000
0.768778 0.000012 0.231210 23.200000
0.768378 0.000012 0.231611 23.300000
0.767979 0.000012 0.232010 23.400000
0.767581 0.000012 0.232407 23.500000
0.767185 0.000011 0.232804 23.600000
0.766790 0.000011 0.233198 23.700000
0.766397 0.000011 0.233592 23.800000
0.766005 0.000011 0.233984 23.900000
0.765614 0.000011 0.234375 24.000000
0.765225 0.000011 0.234764 24.100000
0.764837 0.000011 0.235152 24.200000
0.764450 0.000011 0.235539 24.300000
0.764065 0.000011 0.235924 24.400000
0.763680 0.000011 0.236308 24.500000
0.763298 0.000011 0.236691 24.600000
0.762916 0.000011 0.237072 24.700000
0.762536 0.000011 0.237453 24.800000
0.762157 0.000011 0.237831 24.900000
0.761780 0.000011 0.238209 25.000000
0.761404 0.000011 0.238585 25.100000
0.761028 0.000011 0.238960 25.200000
0.760655 0.000011 0.239334 25.300000
0.760282 0.000011 0.239707 25.400000
0.759911 0.000011 0.240078 25.500000
0.759541 0.000011 0.240448 25.600000
0.759172 0.000011 0.240817 25.700000
0.758804 0.000011 0.241185 25.800000
0.758437 0.000011 0.241551 25.900000
0.758072 0.000011 0.241917 26.000000
0.757708 0.000011 0.242281 26.100000
0.757345 0.000011 0.242644 26.200000
0.756983 0.000011 0.243006 26.300000
0.756622 0.000011 0.243367 26.400000
0.756263 0.000011 0.243726 26.500000
0.755905 0.000011 0.244085 26.600000
0.755547 0.000011 0.244442 26.700000
0.755191 0.000011 0.244798 26.800000
0.754836 0.000011 0.245153 26.900000
0.754482 0.000011 0.245507 27.000000
0.754129 0.000011 0.245860 27.100000
0.753778 0.000011 0.246212 27.200000
0.753427 0.000011 0.246562 27.300000
0.753077 0.000011 0.246912 27.400000
0.752729 0.000011 0.247260 27.500000
0.752382 0.000011 0.247608 27.600000
0.752035 0.000011 0.247954 27.700000
0.751690 0.000011 0.248299 27.800000
0.751346 0.000011 0.248644 27.900000
0.751002 0.000011 0.248987 28.000000
0.750660 0.000011 0.249329 28.100000
0.750319 0.000011 0.249670 28.200000
0.749979 0.000011 0.250011 28.300000
0.749640 0.000011 0.250350 28.400000
0.749302 0.000011 0.250688 28.500000
0.748964 0.000011 0.251025 28.600000
0.748628 0.000011 0.251361 28.700000
0.748293 0.000011 0.251696 28.800000
0.747959 0.000011 0.252031 28.900000
0.747626 0.000011 0.252364 29.000000
0.747293 0.000011 0.252696 29.100000
0.746962 0.000011 0.253027 29.200000
0.746632 0.000010 0.253358 29.300000
0.746302 0.000010 0.253687 29.400000
0.745974 0.000010 0.254015 29.500000
0.745647 0.000010 0.254343 29.600000
0.745320 0.000010 0.254670 29.700000
0.744994 0.000010 0.254995 29.800000
0.744670 0.000010 0.255320 29.900000
0.744346 0.000010 0.255644 30.000000
0.744023 0.000010 0.255967 30.100000
0.743701 0.000010 0.256289 30.200000
0.743380 0.000010 0.256610 30.300000
0.743060 0.000010 0.256930 30.400000
0.742740 0.000010 0.257249 30.500000
0.742422 0.000010 0.257568 30.600000
0.742105 0.000010 0.257885 30.700000
0.741788 0.000010 0.258202 30.800000
0.741472 0.000010 0.258518 30.900000
0.741157 0.000010 0.258833 31.000000
0.740843 0.000010 0.259147 31.100000
0.740530 0.000010 0.259460 31.200000
0.740218 0.000010 0.259772 31.300000
0.739906 0.000010 0.260084 31.400000
0.739595 0.000010 0.260394 31.500000
0.739286 0.000010 0.260704 31.600000
0.738977 0.000010 0.261013 31.700000
0.738668 0.000010 0.261321 31.800000
0.738361 0.000010 0.261629 31.900000
0.738054 0.000010 0.261935 32.000000
0.737749 0.000010 0.262241 32.100000
0.737444 0.000010 0.262546 32.200000
0.737140 0.000010 0.262850 32.300000
0.736836 0.000010 0.263154 32.400000
0.736534 0.000010 0.263456 32.500000
0.736232 0.000010 0.263758 32.600000
0.735931 0.000010 0.264059 32.700000
0.735631 0.000010 0.264359 32.800000
0.735332 0.000010 0.264658 32.900000
0.735033 0.000010 0.264957 33.000000
0.734735 0.000010 0.265255 33.100000
0.734438 0.000010 0.265552 33.200000
0.734142 0.000010 0.265848 33.300000
0.733846 0.000010 0.266144 33.400000
0.733551 0.000010 0.266439 33.500000
0.733257 0.000010 0.266733 33.600000
0.732964 0.000010 0.267026 33.700000
0.732671 0.000010 0.267319 33.800000
0.732379 0.000010 0.267611 33.900000
0.732088 0.000010 0.267902 34.000000
0.731798 0.000010 0.268192 34.100000
0.731508 0.000010 0.268482 34.200000
0.731219 0.000010 0.268771 34.300000
0.730931 0.000010 0.269059 34.400000
0.730643 0.000010 0.269347 34.500000
0.730356 0.000010 0.269634 34.600000
0.730070 0.000010 0.269920 34.700000
0.729785 0.000010 0.270205 34.800000
0.729500 0.000010 0.270490 34.900000
0.729216 0.000010 0.270774 35.000000
0.728933 0.000010 0.271058 35.100000
0.728650 0.000010 0.271340 35.200000
0.728368 0.000010 0.271622 35.300000
0.728087 0.000010 0.271904 35.400000
0.727806 0.000010 0.272184 35.500000
0.727526 0.000010 0.272464 35.600000
0.727247 0.000010 0.272743 35.700000
0.726968 0.000010 0.273022 35.800000
0.726690 0.000010 0.273300 35.900000
0.726413 0.000010 0.273577 36.000000
0.726136 0.000010 0.273854 36.100000
0.725860 0.000010 0.274130 36.200000
0.725585 0.000010 0.274405 36.300000
0.725310 0.000010 0.274680 36.400000
0.725036 0.000010 0.274954 36.500000
0.724763 0.000010 0.275227 36.600000
0.724490 0.000010 0.275500 36.700000
0.724218 0.000010 0.275772 36.800000
0.723947 0.000010 0.276044 36.900000
0.723676 0.000009 0.276315 37.000000
0.723405 0.000009 0.276585 37.100000
0.723136 0.000009 0.276855 37.200000
0.722867 0.000009 0.277124 37.300000
0.722598 0.000009 0.277392 37.400000
0.722331 0.000009 0.277660 37.500000
0.722063 0.000009 0.277927 37.600000
0.721797 0.000009 0.278194 37.700000
0.721531 0.000009 0.278460 37.800000
0.721266 0.000009 0.278725 37.900000
0.721001 0.000009 0.278990 38.000000
0.720737 0.000009 0.279254 38.100000
0.720473 0.000009 0.279518 38.200000
0.720210 0.000009 0.279781 38.300000
0.719948 0.000009 0.280043 38.400000
0.719686 0.000009 0.280305 38.500000
0.719425 0.000009 0.280566 38.600000
0.719164 0.000009 0.280827 38.700000
0.718904 0.000009 0.281087 38.800000
0.718644 0.000009 0.281346 38.900000
0.718385 0.000009 0.281605 39.000000
0.718127 0.000009 0.281864 39.100000
0.717869 0.000009 0.282122 39.200000
0.717612 0.000009 0.282379 39.300000
0.717355 0.000009 0.282636 39.400000
0.717099 0.000009 0.282892 39.500000
0.716844 0.000009 0.283147 39.600000
0.716589 0.000009 0.283402 39.700000
0.716334 0.000009 0.283657 39.800000
0.716080 0.000009 0.283911 39.900000
0.715827 0.000009 0.284164 40.000000
0.715574 0.000009 0.284417 40.100000
0.715322 0.000009 0.284669 40.200000
0.715070 0.000009 0.284921 40.300000
0.714819 0.000009 0.285172 40.400000
0.714568 0.000009 0.285423 40.500000
0.714318 0.000009 0.285673 40.600000
0.714068 0.000009 0.285923 40.700000
0.713819 0.000009 0.286172 40.800000
0.713570 0.000009 0.286421 40.900000
0.713322 0.000009 0.286669 41.000000
0.713075 0.000009 0.286916 41.100000
0.712828 0.000009 0.287163 41.200000
0.712581 0.000009 0.287410 41.300000
0.712335 0.000009 0.287656 41.400000
0.712090 0.000009 0.287901 41.500000
0.711845 0.000009 0.288146 41.600000
0.711600 0.000009 0.288391 41.700000
0.711356 0.000009 0.288635 41.800000
0.711113 0.000009 0.288878 41.900000
0.710870 0.000009 0.289121 42.000000
0.710627 0.000009 0.289364 42.100000
0.710385 0.000009 0.289606 42.200000
0.710144 0.000009 0.289847 42.300000
0.709903 0.000009 0.290088 42.400000
0.709662 0.000009 0.290329 42.500000
0.709422 0.000009 0.290569 42.600000
0.709183 0.000009 0.290808 42.700000
0.708944 0.000009 0.291048 42.800000
0.708705 0.000009 0.291286 42.900000
0.708467 0.000009 0.291524 43.000000
0.708229 0.000009 0.291762 43.100000
0.707992 0.000009 0.291999 43.200000
0.707755 0.000009 0.292236 43.300000
0.707519 0.000009 0.292472 43.400000
0.707283 0.000009 0.292708 43.500000
0.707048 0.000009 0.292943 43.600000
0.706813 0.000009 0.293178 43.700000
0.706579 0.000009 0.293412 43.800000
0.706345 0.000009 0.293646 43.900000
0.706111 0.000009 0.293880 44.000000
0.705878 0.000009 0.294113 44.100000
0.705646 0.000009 0.294345 44.200000
0.705414 0.000009 0.294577 44.300000
0.705182 0.000009 0.294809 44.400000
0.704951 0.000009 0.295040 44.500000
0.704720 0.000009 0.295271 44.600000
0.704490 0.000009 0.295501 44.700000
0.704260 0.000009 0.295731 44.800000
0.704031 0.000009 0.295961 44.900000
0.703802 0.000009 0.296190 45.000000
0.703573 0.000009 0.296418 45.100000
0.703345 0.000009 0.296646 45.200000
0.703117 0.000009 0.296874 45.300000
0.702890 0.000009 0.297101 45.400000
0.702663 0.000009 0.297328 45.500000
0.702437 0.000009 0.297554 45.600000
0.702211 0.000009 0.297780 45.700000
0.701985 0.000009 0.298006 45.800000
0.701760 0.000009 0.298231 45.900000
0.701536 0.000009 0.298456 46.000000
0.701311 0.000009 0.298680 46.100000
0.701088 0.000009 0.298904 46.200000
0.700864 0.000009 0.299127 46.300000
0.700641 0.000009 0.299350 46.400000
0.700419 0.000009 0.299573 46.500000
0.700196 0.000009 0.299795 46.600000
0.699975 0.000009 0.300017 46.700000
0.699753 0.000009 0.300238 46.800000
0.699532 0.000009 0.300459 46.900000
0.699312 0.000009 0.300680 47.000000
0.699092 0.000009 0.300900 47.100000
0.698872 0.000009 0.301120 47.200000
0.698653 0.000009 0.301339 47.300000
0.698434 0.000009 0.301558 47.400000
0.698215 0.000009 0.301776 47.500000
0.697997 0.000009 0.301994 47.600000
0.697779 0.000009 0.302212 47.700000
0.697562 0.000009 0.302430 47.800000
0.697345 0.000009 0.302647 47.900000
0.697128 0.000008 0.302863 48.000000
0.696912 0.000008 0.303079 48.100000
0.696696 0.000008 0.303295 48.200000
0.696481 0.000008 0.303511 48.300000
0.696266 0.000008 0.303726 48.400000
0.696051 0.000008 0.303940 48.500000
0.695837 0.000008 0.304154 48.600000
0.695623 0.000008 0.304368 48.700000
0.695410 0.000008 0.304582 48.800000
0.695197 0.000008 0.304795 48.900000
0.694984 0.000008 0.305008 49.000000
0.694771 0.000008 0.305220 49.100000
0.694560 0.000008 0.305432 49.200000
0.694348 0.000008 0.305644 49.300000
0.694137 0.000008 0.305855 49.400000
0.693926 0.000008 0.306066 49.500000
0.693715 0.000008 0.306276 49.600000
0.693505 0.000008 0.306487 49.700000
0.693295 0.000008 0.306696 49.800000
0.693086 0.000008 0.306906 49.900000
0.692877 0.000008 0.307115 50.000000
0.692668 0.000008 0.307323 50.100000
0.692460 0.000008 0.307532 50.200000
0.692252 0.000008 0.307740 50.300000
0.692044 0.000008 0.307947 50.400000
0.691837 0.000008 0.308155 50.500000
0.691630 0.000008 0.308362 50.600000
0.691424 0.000008 0.308568 50.700000
0.691217 0.000008 0.308774 50.800000
0.691011 0.000008 0.308980 50.900000
0.690806 0.000008 0.309186 51.000000
0.690601 0.000008 0.309391 51.100000
0.690396 0.000008 0.309596 51.200000
0.690192 0.000008 0.309800 51.300000
0.689987 0.000008 0.310004 51.400000
0.689784 0.000008 0.310208 51.500000
0.689580 0.000008 0.310411 51.600000
0.689377 0.000008 0.310615 51.700000
0.689174 0.000008 0.310817 51.800000
0.688972 0.000008 0.311020 51.900000
0.688770 0.000008 0.311222 52.000000
0.688568 0.000008 0.311424 52.100000
0.688367 0.000008 0.311625 52.200000
0.688166 0.000008 0.311826 52.300000
0.687965 0.000008 0.312027 52.400000
0.687765 0.000008 0.312227 52.500000
0.687565 0.000008 0.312427 52.600000
0.687365 0.000008 0.312627 52.700000
0.687165 0.000008 0.312826 52.800000
0.686966 0.000008 0.313025 52.900000
0.686768 0.000008 0.313224 53.000000
0.686569 0.000008 0.313423 53.100000
0.686371 0.000008 0.313621 53.200000
0.686173 0.000008 0.313819 53.300000
0.685976 0.000008 0.314016 53.400000
0.685779 0.000008 0.314213 53.500000
0.685582 0.000008 0.314410 53.600000
0.685385 0.000008 0.314606 53.700000
0.685189 0.000008 0.314803 53.800000
0.684993 0.000008 0.314999 53.900000
0.684798 0.000008 0.315194 54.000000
0.684603 0.000008 0.315389 54.100000
0.684408 0.000008 0.315584 54.200000
0.684213 0.000008 0.315779 54.300000
0.684019 0.000008 0.315973 54.400000
0.683825 0.000008 0.316167 54.500000
0.683631 0.000008 0.316361 54.600000
0.683438 0.000008 0.316554 54.700000
0.683245 0.000008 0.316747 54.800000
0.683052 0.000008 0.316940 54.900000
0.682859 0.000008 0.317133 55.000000
0.682667 0.000008 0.317325 55.100000
0.682475 0.000008 0.317517 55.200000
0.682284 0.000008 0.317708 55.300000
0.682093 0.000008 0.317899 55.400000
0.681902 0.000008 0.318090 55.500000
0.681711 0.000008 0.318281 55.600000
0.681521 0.000008 0.318471 55.700000
0.681331 0.000008 0.318661 55.800000
0.681141 0.000008 0.318851 55.900000
0.680951 0.000008 0.319041 56.000000
0.680762 0.000008 0.319230 56.100000
0.680573 0.000008 0.319419 56.200000
0.680385 0.000008 0.319607 56.300000
0.680196 0.000008 0.319796 56.400000
0.680008 0.000008 0.319984 56.500000
0.679821 0.000008 0.320171 56.600000
0.679633 0.000008 0.320359 56.700000
0.679446 0.000008 0.320546 56.800000
0.679259 0.000008 0.320733 56.900000
0.679073 0.000008 0.320919 57.000000
0.678886 0.000008 0.321106 57.100000
0.678700 0.000008 0.321292 57.200000
0.678515 0.000008 0.321477 57.300000
0.678329 0.000008 0.321663 57.400000
0.678144 0.000008 0.321848 57.500000
0.677959 0.000008 0.322033 57.600000
0.677775 0.000008 0.322218 57.700000
0.677590 0.000008 0.322402 57.800000
0.677406 0.000008 0.322586 57.900000
0.677222 0.000008 0.322770 58.000000
0.677039 0.000008 0.322953 58.100000
0.676856 0.000008 0.323136 58.200000
0.676673 0.000008 0.323319 58.300000
0.676490 0.000008 0.323502 58.400000
0.676308 0.000008 0.323684 58.500000
0.676126 0.000008 0.323867 58.600000
0.675944 0.000008 0.324048 58.700000
0.675762 0.000008 0.324230 58.800000
0.675581 0.000008 0.324411 58.900000
0.675400 0.000008 0.324592 59.000000
0.675219 0.000008 0.324773 59.100000
0.675039 0.000008 0.324954 59.200000
0.674858 0.000008 0.325134 59.300000
0.674678 0.000008 0.325314 59.400000
0.674499 0.000008 0.325494 59.500000
0.674319 0.000008 0.325673 59.600000
0.674140 0.000008 0.325852 59.700000
0.673961 0.000008 0.326031 59.800000
0.673782 0.000008 0.326210 59.900000
0.673604 0.000008 0.326388 60.000000
0.673426 0.000008 0.326566 60.100000
0.673248 0.000008 0.326744 60.200000
0.673070 0.000008 0.326922 60.300000
0.672893 0.000008 0.327099 60.400000
0.672716 0.000008 0.327277 60.500000
0.672539 0.000008 0.327453 60.600000
0.672362 0.000008 0.327630 60.700000
0.672186 0.000008 0.327806 60.800000
0.672010 0.000008 0.327983 60.900000
0.671834 0.000008 0.328158 61.000000
0.671658 0.000008 0.328334 61.100000
0.671483 0.000008 0.328509 61.200000
0.671308 0.000008 0.328684 61.300000
0.671133 0.000008 0.328859 61.400000
0.670958 0.000008 0.329034 61.500000
0.670784 0.000008 0.329208 61.600000
0.670610 0.000008 0.329382 61.700000
0.670436 0.000008 0.329556 61.800000
0.670262 0.000008 0.329730 61.900000
0.670089 0.000008 0.329903 62.000000
0.669916 0.000008 0.330076 62.100000
0.669743 0.000008 0.330249 62.200000
0.669570 0.000008 0.330422 62.300000
0.669398 0.000008 0.330594 62.400000
0.669226 0.000008 0.330767 62.500000
0.669054 0.000008 0.330938 62.600000
0.668882 0.000008 0.331110 62.700000
0.668711 0.000008 0.331282 62.800000
0.668540 0.000008 0.331453 62.900000
0.668369 0.000008 0.331624 63.000000
0.668198 0.000008 0.331795 63.100000
0.668027 0.000008 0.331965 63.200000
0.667857 0.000008 0.332135 63.300000
0.667687 0.000008 0.332305 63.400000
0.667517 0.000008 0.332475 63.500000
0.667348 0.000008 0.332645 63.600000
0.667179 0.000008 0.332814 63.700000
0.667009 0.000008 0.332983 63.800000
0.666841 0.000007 0.333152 63.900000
0.666672 0.000007 0.333321 64.000000
0.666504 0.000007 0.333489 64.100000
0.666335 0.000007 0.333657 64.200000
0.666167 0.000007 0.333825 64.300000
0.666000 0.000007 0.333993 64.400000
0.665832 0.000007 0.334160 64.500000
0.665665 0.000007 0.334328 64.600000
0.665498 0.000007 0.334495 64.700000
0.665331 0.000007 0.334661 64.800000
0.665165 0.000007 0.334828 64.900000
0.664998 0.000007 0.334994 65.000000
0.664832 0.000007 0.335160 65.100000
0.664666 0.000007 0.335326 65.200000
0.664500 0.000007 0.335492 65.300000
0.664335 0.000007 0.335658 65.400000
0.664170 0.000007 0.335823 65.500000
0.664005 0.000007 0.335988 65.600000
0.663840 0.000007 0.336153 65.700000
0.663675 0.000007 0.336317 65.800000
0.663511 0.000007 0.336482 65.900000
0.663347 0.000007 0.336646 66.000000
0.663183 0.000007 0.336810 66.100000
0.663019 0.000007 0.336973 66.200000
0.662856 0.000007 0.337137 66.300000
0.662692 0.000007 0.337300 66.400000
0.662529 0.000007 0.337463 66.500000
0.662367 0.000007 0.337626 66.600000
0.662204 0.000007 0.337789 66.700000
0.662042 0.000007 0.337951 66.800000
0.661879 0.000007 0.338113 66.900000
0.661717 0.000007 0.338275 67.000000
0.661556 0.000007 0.338437 67.100000
0.661394 0.000007 0.338599 67.200000
0.661233 0.000007 0.338760 67.300000
0.661071 0.000007 0.338921 67.400000
0.660911 0.000007 0.339082 67.500000
0.660750 0.000007 0.339243 67.600000
0.660589 0.000007 0.339403 67.700000
0.660429 0.000007 0.339564 67.800000
0.660269 0.000007 0.339724 67.900000
0.660109 0.000007 0.339884 68.000000
0.659949 0.000007 0.340043 68.100000
0.659790 0.000007 0.340203 68.200000
0.659630 0.000007 0.340362 68.300000
0.659471 0.000007 0.340521 68.400000
0.659313 0.000007 0.340680 68.500000
0.659154 0.000007 0.340839 68.600000
0.658995 0.000007 0.340997 68.700000
0.658837 0.000007 0.341156 68.800000
0.658679 0.000007 0.341314 68.900000
0.658521 0.000007 0.341472 69.000000
0.658363 0.000007 0.341629 69.100000
0.658206 0.000007 0.341787 69.200000
0.658049 0.000007 0.341944 69.300000
0.657892 0.000007 0.342101 69.400000
0.657735 0.000007 0.342258 69.500000
0.657578 0.000007 0.342415 69.600000
0.657422 0.000007 0.342571 69.700000
0.657265 0.000007 0.342727 69.800000
0.657109 0.000007 0.342883 69.900000
0.656953 0.000007 0.343039 70.000000
0.656798 0.000007 0.343195 70.100000
0.656642 0.000007 0.343351 70.200000
0.656487 0.000007 0.343506 70.300000
0.656332 0.000007 0.343661 70.400000
0.656177 0.000007 0.343816 70.500000
0.656022 0.000007 0.343971 70.600000
0.655868 0.000007 0.344125 70.700000
0.655713 0.000007 0.344279 70.800000
0.655559 0.000007 0.344434 70.900000
0.655405 0.000007 0.344588 71.000000
0.655252 0.000007 0.344741 71.100000
0.655098 0.000007 0.344895 71.200000
0.654945 0.000007 0.345048 71.300000
0.654791 0.000007 0.345201 71.400000
0.654638 0.000007 0.345355 71.500000
0.654486 0.000007 0.345507 71.600000
0.654333 0.000007 0.345660 71.700000
0.654180 0.000007 0.345812 71.800000
0.654028 0.000007 0.345965 71.900000
0.653876 0.000007 0.346117 72.000000
0.653724 0.000007 0.346269 72.100000
0.653573 0.000007 0.346420 72.200000
0.653421 0.000007 0.346572 72.300000
0.653270 0.000007 0.346723 72.400000
0.653119 0.000007 0.346874 72.500000
0.652968 0.000007 0.347025 72.600000
0.652817 0.000007 0.347176 72.700000
0.652666 0.000007 0.347327 72.800000
0.652516 0.000007 0.347477 72.900000
0.652366 0.000007 0.347627 73.000000
0.652216 0.000007 0.347777 73.100000
0.652066 0.000007 0.347927 73.200000
0.651916 0.000007 0.348077 73.300000
0.651766 0.000007 0.348227 73.400000
0.651617 0.000007 0.348376 73.500000
0.651468 0.000007 0.348525 73.600000
0.651319 0.000007 0.348674 73.700000
0.651170 0.000007 0.348823 73.800000
0.651022 0.000007 0.348971 73.900000
0.650873 0.000007 0.349120 74.000000
0.650725 0.000007 0.349268 74.100000
0.650577 0.000007 0.349416 74.200000
0.650429 0.000007 0.349564 74.300000
0.650281 0.000007 0.349712 74.400000
0.650133 0.000007 0.349859 74.500000
0.649986 0.000007 0.350007 74.600000
0.649839 0.000007 0.350154 74.700000
0.649692 0.000007 0.350301 74.800000
0.649545 0.000007 0.350448 74.900000
0.649398 0.000007 0.350595 75.000000
0.649252 0.000007 0.350741 75.100000
0.649105 0.000007 0.350888 75.200000
0.648959 0.000007 0.351034 75.300000
0.648813 0.000007 0.351180 75.400000
0.648667 0.000007 0.351326 75.500000
0.648522 0.000007 0.351471 75.600000
0.648376 0.000007 0.351617 75.700000
0.648231 0.000007 0.351762 75.800000
0.648086 0.000007 0.351907 75.900000
0.647941 0.000007 0.352052 76.000000
0.647796 0.000007 0.352197 76.100000
0.647651 0.000007 0.352342 76.200000
0.647507 0.000007 0.352486 76.300000
0.647362 0.000007 0.352631 76.400000
0.647218 0.000007 0.352775 76.500000
0.647074 0.000007 0.352919 76.600000
0.646930 0.000007 0.353063 76.700000
0.646787 0.000007 0.353206 76.800000
0.646643 0.000007 0.353350 76.900000
0.646500 0.000007 0.353493 77.000000
0.646357 0.000007 0.353636 77.100000
0.646214 0.000007 0.353779 77.200000
0.646071 0.000007 0.353922 77.300000
0.645928 0.000007 0.354065 77.400000
0.645786 0.000007 0.354207 77.500000
0.645643 0.000007 0.354350 77.600000
0.645501 0.000007 0.354492 77.700000
0.645359 0.000007 0.354634 77.800000
0.645217 0.000007 0.354776 77.900000
0.645075 0.000007 0.354918 78.000000
0.644934 0.000007 0.355059 78.100000
0.644793 0.000007 0.355201 78.200000
0.644651 0.000007 0.355342 78.300000
0.644510 0.000007 0.355483 78.400000
0.644369 0.000007 0.355624 78.500000
0.644229 0.000007 0.355765 78.600000
0.644088 0.000007 0.355905 78.700000
0.643948 0.000007 0.356046 78.800000
0.643807 0.000007 0.356186 78.900000
0.643667 0.000007 0.356326 79.000000
0.643527 0.000007 0.356466 79.100000
0.643387 0.000007 0.356606 79.200000
0.643248 0.000007 0.356746 79.300000
0.643108 0.000007 0.356885 79.400000
0.642969 0.000007 0.357024 79.500000
0.642830 0.000007 0.357164 79.600000
0.642691 0.000007 0.357303 79.700000
0.642552 0.000007 0.357442 79.800000
0.642413 0.000007 0.357580 79.900000
0.642274 0.000007 0.357719 80.000000
0.642136 0.000007 0.357857 80.100000
0.641998 0.000007 0.357996 80.200000
0.641860 0.000007 0.358134 80.300000
0.641722 0.000007 0.358272 80.400000
0.641584 0.000007 0.358409 80.500000
0.641446 0.000007 0.358547 80.600000
0.641309 0.000007 0.358685 80.700000
0.641171 0.000007 0.358822 80.800000
0.641034 0.000007 0.358959 80.900000
0.640897 0.000007 0.359096 81.000000
0.640760 0.000007 0.359233 81.100000
0.640623 0.000007 0.359370 81.200000
0.640487 0.000007 0.359507 81.300000
0.640350 0.000007 0.359643 81.400000
0.640214 0.000007 0.359779 81.500000
0.640078 0.000007 0.359916 81.600000
0.639942 0.000007 0.360052 81.700000
0.639806 0.000007 0.360187 81.800000
0.639670 0.000007 0.360323 81.900000
0.639534 0.000007 0.360459 82.000000
0.639399 0.000007 0.360594 82.100000
0.639264 0.000007 0.360730 82.200000
0.639129 0.000007 0.360865 82.300000
0.638994 0.000007 0.361000 82.400000
0.638859 0.000007 0.361135 82.500000
0.638724 0.000007 0.361269 82.600000
0.638589 0.000007 0.361404 82.700000
0.638455 0.000007 0.361538 82.800000
0.638321 0.000007 0.361673 82.900000
0.638187 0.000007 0.361807 83.000000
0.638053 0.000007 0.361941 83.100000
0.637919 0.000007 0.362075 83.200000
0.637785 0.000007 0.362208 83.300000
0.637652 0.000007 0.362342 83.400000
0.637518 0.000007 0.362475 83.500000
0.637385 0.000007 0.362609 83.600000
0.637252 0.000007 0.362742 83.700000
0.637119 0.000007 0.362875 83.800000
0.636986 0.000007 0.363008 83.900000
0.636853 0.000007 0.363140 84.000000
0.636721 0.000007 0.363273 84.100000
0.636588 0.000007 0.363405 84.200000
0.636456 0.000007 0.363538 84.300000
0.636324 0.000007 0.363670 84.400000
0.636192 0.000007 0.363802 84.500000
0.636060 0.000007 0.363934 84.600000
0.635928 0.000007 0.364065 84.700000
0.635796 0.000007 0.364197 84.800000
0.635665 0.000007 0.364329 84.900000
0.635534 0.000007 0.364460 85.000000
0.635402 0.000007 0.364591 85.100000
0.635271 0.000007 0.364722 85.200000
0.635140 0.000007 0.364853 85.300000
0.635010 0.000007 0.364984 85.400000
0.634879 0.000007 0.365115 85.500000
0.634748 0.000007 0.365245 85.600000
0.634618 0.000007 0.365375 85.700000
0.634488 0.000007 0.365506 85.800000
0.634358 0.000007 0.365636 85.900000
0.634228 0.000007 0.365766 86.000000
0.634098 0.000007 0.365896 86.100000
0.633968 0.000007 0.366025 86.200000
0.633839 0.000007 0.366155 86.300000
0.633709 0.000007 0.366284 86.400000
0.633580 0.000007 0.366414 86.500000
0.633451 0.000007 0.366543 86.600000
0.633322 0.000007 0.366672 86.700000
0.633193 0.000007 0.366801 86.800000
0.633064 0.000007 0.366930 86.900000
0.632935 0.000007 0.367058 87.000000
0.632807 0.000007 0.367187 87.100000
0.632678 0.000007 0.367315 87.200000
0.632550 0.000007 0.367443 87.300000
0.632422 0.000007 0.367572 87.400000
0.632294 0.000007 0.367700 87.500000
0.632166 0.000007 0.367827 87.600000
0.632038 0.000007 0.367955 87.700000
0.631911 0.000007 0.368083 87.800000
0.631783 0.000007 0.368210 87.900000
0.631656 0.000007 0.368338 88.000000
0.631529 0.000007 0.368465 88.100000
0.631401 0.000007 0.368592 88.200000
0.631274 0.000007 0.368719 88.300000
0.631148 0.000007 0.368846 88.400000
0.631021 0.000006 0.368973 88.500000
0.630894 0.000006 0.369099 88.600000
0.630768 0.000006 0.369226 88.700000
0.630642 0.000006 0.369352 88.800000
0.630515 0.000006 0.369478 88.900000
0.630389 0.000006 0.369604 89.000000
0.630263 0.000006 0.369730 89.100000
0.630137 0.000006 0.369856 89.200000
0.630012 0.000006 0.369982 89.300000
0.629886 0.000006 0.370107 89.400000
0.629761 0.000006 0.370233 89.500000
0.629635 0.000006 0.370358 89.600000
0.629510 0.000006 0.370483 89.700000
0.629385 0.000006 0.370608 89.800000
0.629260 0.000006 0.370733 89.900000
0.629135 0.000006 0.370858 90.000000
0.629011 0.000006 0.370983 90.100000
0.628886 0.000006 0.371108 90.200000
0.628762 0.000006 0.371232 90.300000
0.628637 0.000006 0.371356 90.400000
0.628513 0.000006 0.371481 90.500000
0.628389 0.000006 0.371605 90.600000
0.628265 0.000006 0.371729 90.700000
0.628141 0.000006 0.371853 90.800000
0.628017 0.000006 0.371976 90.900000
0.627894 0.000006 0.372100 91.000000
0.627770 0.000006 0.372223 91.100000
0.627647 0.000006 0.372347 91.200000
0.627524 0.000006 0.372470 91.300000
0.627400 0.000006 0.372593 91.400000
0.627277 0.000006 0.372716 91.500000
0.627154 0.000006 0.372839 91.600000
0.627032 0.000006 0.372962 91.700000
0.626909 0.000006 0.373085 91.800000
0.626786 0.000006 0.373207 91.900000
0.626664 0.000006 0.373330 92.000000
0.626542 0.000006 0.373452 92.100000
0.626420 0.000006 0.373574 92.200000
0.626298 0.000006 0.373696 92.300000
0.626176 0.000006 0.373818 92.400000
0.626054 0.000006 0.373940 92.500000
0.625932 0.000006 0.374062 92.600000
0.625810 0.000006 0.374183 92.700000
0.625689 0.000006 0.374305 92.800000
0.625568 0.000006 0.374426 92.900000
0.625446 0.000006 0.374547 93.000000
0.625325 0.000006 0.374668 93.100000
0.625204 0.000006 0.374789 93.200000
0.625083 0.000006 0.374910 93.300000
0.624962 0.000006 0.375031 93.400000
0.624842 0.000006 0.375152 93.500000
0.624721 0.000006 0.375272 93.600000
0.624601 0.000006 0.375393 93.700000
0.624480 0.000006 0.375513 93.800000
0.624360 0.000006 0.375633 93.900000
0.624240 0.000006 0.375753 94.000000
0.624120 0.000006 0.375873 94.100000
0.624000 0.000006 0.375993 94.200000
0.623881 0.000006 0.376113 94.300000
0.623761 0.000006 0.376233 94.400000
0.623641 0.000006 0.376352 94.500000
0.623522 0.000006 0.376472 94.600000
0.623403 0.000006 0.376591 94.700000
0.623283 0.000006 0.376710 94.800000
0.623164 0.000006 0.376829 94.900000
0.623045 0.000006 0.376948 95.000000
0.622927 0.000006 0.377067 95.100000
0.622808 0.000006 0.377186 95.200000
0.622689 0.000006 0.377305 95.300000
0.622571 0.000006 0.377423 95.400000
0.622452 0.000006 0.377541 95.500000
0.622334 0.000006 0.377660 95.600000
0.622216 0.000006 0.377778 95.700000
0.622098 0.000006 0.377896 95.800000
0.621980 0.000006 0.378014 95.900000
0.621862 0.000006 0.378132 96.000000
0.621744 0.000006 0.378250 96.100000
0.621626 0.000006 0.378367 96.200000
0.621509 0.000006 0.378485 96.300000
0.621391 0.000006 0.378602 96.400000
0.621274 0.000006 0.378720 96.500000
0.621157 0.000006 0.378837 96.600000
0.621040 0.000006 0.378954 96.700000
0.620923 0.000006 0.379071 96.800000
0.620806 0.000006 0.379188 96.900000
0.620689 0.000006 0.379305 97.000000
0.620572 0.000006 0.379421 97.100000
0.620456 0.000006 0.379538 97.200000
0.620339 0.000006 0.379654 97.300000
0.620223 0.000006 0.379771 97.400000
0.620107 0.000006 0.379887 97.500000
0.619991 0.000006 0.380003 97.600000
0.619875 0.000006 0.380119 97.700000
0.619759 0.000006 0.380235 97.800000
0.619643 0.000006 0.380351 97.900000
0.619527 0.000006 0.380467 98.000000
0.619412 0.000006 0.380582 98.100000
0.619296 0.000006 0.380698 98.200000
0.619181 0.000006 0.380813 98.300000
0.619065 0.000006 0.380928 98.400000
0.618950 0.000006 0.381044 98.500000
0.618835 0.000006 0.381159 98.600000
0.618720 0.000006 0.381274 98.700000
0.618605 0.000006 0.381389 98.800000
0.618490 0.000006 0.381503 98.900000
0.618376 0.000006 0.381618 99.000000
0.618261 0.000006 0.381733 99.100000
0.618147 0.000006 0.381847 99.200000
0.618032 0.000006 0.381961 99.300000
0.617918 0.000006 0.382076 99.400000
0.617804 0.000006 0.382190 99.500000
0.617690 0.000006 0.382304 99.600000
0.617576 0.000006 0.382418 99.700000
0.617462 0.000006 0.382532 99.800000
0.617348 0.000006 0.382646 99.900000
0.617235 0.000006 0.382759 100.000000
0.617121 0.000006 0.382873 100.100000
0.617008 0.000006 0.382986 100.200000
0.616894 0.000006 0.383100 100.300000
0.616781 0.000006 0.383213 100.400000
0.616668 0.000006 0.383326 100.500000
0.616555 0.000006 0.383439 100.600000
0.616442 0.000006 0.383552 100.700000
0.616329 0.000006 0.383665 100.800000
0.616216 0.000006 0.383777 100.900000
0.616104 0.000006 0.383890 101.000000
0.615991 0.000006 0.384003 101.100000
0.615879 0.000006 0.384115 101.200000
0.615766 0.000006 0.384227 101.300000
0.615654 0.000006 0.384340 101.400000
0.615542 0.000006 0.384452 101.500000
0.615430 0.000006 0.384564 101.600000
0.615318 0.000006 0.384676 101.700000
0.615206 0.000006 0.384788 101.800000
0.615094 0.000006 0.384899 101.900000
0.614983 0.000006 0.385011 102.000000
0.614871 0.000006 0.385123 102.100000
0.614760 0.000006 0.385234 102.200000
0.614648 0.000006 0.385345 102.300000
0.614537 0.000006 0.385457 102.400000
0.614426 0.000006 0.385568 102.500000
0.614315 0.000006 0.385679 102.600000
0.614204 0.000006 0.385790 102.700000
0.614093 0.000006 0.385901 102.800000
0.613982 0.000006 0.386012 102.900000
0.613872 0.000006 0.386122 103.000000
0.613761 0.000006 0.386233 103.100000
0.613651 0.000006 0.386343 103.200000
0.613540 0.000006 0.386454 103.300000
0.613430 0.000006 0.386564 103.400000
0.613320 0.000006 0.386674 103.500000
0.613210 0.000006 0.386784 103.600000
0.613100 0.000006 0.386894 103.700000
0.612990 0.000006 0.387004 103.800000
0.612880 0.000006 0.387114 103.900000
0.612770 0.000006 0.387224 104.000000
0.612660 0.000006 0.387334 104.100000
0.612551 0.000006 0.387443 104.200000
0.612441 0.000006 0.387553 104.300000
0.612332 0.000006 0.387662 104.400000
0.612223 0.000006 0.387771 104.500000
0.612114 0.000006 0.387880 104.600000
0.612005 0.000006 0.387989 104.700000
0.611896 0.000006 0.388098 104.800000
0.611787 0.000006 0.388207 104.900000
0.611678 0.000006 0.388316 105.000000
0.611569 0.000006 0.388425 105.100000
0.611461 0.000006 0.388533 105.200000
0.611352 0.000006 0.388642 105.300000
0.611244 0.000006 0.388750 105.400000
0.611135 0.000006 0.388859 105.500000
0.611027 0.000006 0.388967 105.600000
0.610919 0.000006 0.389075 105.700000
0.610811 0.000006 0.389183 105.800000
0.610703 0.000006 0.389291 105.900000
0.610595 0.000006 0.389399 106.000000
0.610487 0.000006 0.389507 106.100000
0.610380 0.000006 0.389614 106.200000
0.610272 0.000006 0.389722 106.300000
0.610164 0.000006 0.389830 106.400000
0.610057 0.000006 0.389937 106.500000
0.609950 0.000006 0.390044 106.600000
0.609842 0.000006 0.390152 106.700000
0.609735 0.000006 0.390259 106.800000
0.609628 0.000006 0.390366 106.900000
0.609521 0.000006 0.390473 107.000000
0.609414 0.000006 0.390580 107.100000
0.609308 0.000006 0.390686 107.200000
0.609201 0.000006 0.390793 107.300000
0.609094 0.000006 0.390900 107.400000
0.608988 0.000006 0.391006 107.500000
0.608881 0.000006 0.391113 107.600000
0.608775 0.000006 0.391219 107.700000
0.608669 0.000006 0.391325 107.800000
0.608563 0.000006 0.391431 107.900000
0.608457 0.000006 0.391538 108.000000
